smoke_top_left
0,15
1,0,15
1,1,15
1,2,15
1,3,15
1,4,15
1,5,15
1,6,15
1,7,15
1,8,15
1,9,15
1,10,15
1,11,15
1,12,15
1,13,15
1,14,15
1,15,15
1,16,15
1,17,15
1,18,15
1,19,15
1,20,15
1,21,15
1,22,15
1,23,15
1,24,15
1,25,15
1,26,15
1,27,15
1,28,15
1,29,15
1,30,15
1,31,15
1,32,15
1,33,15
1,34,15
1,35,15
1,0,20
1,1,20
1,2,20
1,3,20
1,4,20
1,5,20
1,6,20
1,7,20
1,8,20
1,9,20
1,10,20
1,11,20
1,12,20
1,13,20
1,14,20
1,15,20
1,16,20
1,17,20
1,18,20
1,19,20
1,20,20
1,21,20
1,22,20
1,23,20
1,24,20
1,25,20
1,26,20
1,27,20
1,28,20
1,29,20
1,30,20
1,31,20
1,32,20
1,33,20
1,34,20
1,35,20
0,0,16
0,1,16
0,2,16
0,3,16
0,4,16
0,5,16
0,6,16
0,7,16
0,8,16
0,9,16
0,10,16
0,11,16
0,12,16
0,13,16
0,14,16
0,15,16
0,16,16
0,17,16
0,18,16
0,19,16
0,20,16
0,21,16
0,22,16
0,23,16
0,24,16
0,25,16
0,26,16
0,27,16
0,28,16
0,29,16
0,30,16
0,31,16
0,32,16
0,33,16
0,34,16
0,35,16
0,0,17
0,1,17
0,2,17
0,3,17
0,4,17
0,5,17
0,6,17
0,7,17
0,8,17
0,9,17
0,10,17
0,11,17
0,12,17
0,13,17
0,14,17
0,15,17
0,16,17
0,17,17
0,18,17
0,19,17
0,20,17
0,21,17
0,22,17
0,23,17
0,24,17
0,25,17
0,26,17
0,27,17
0,28,17
0,29,17
0,30,17
0,31,17
0,32,17
0,33,17
0,34,17
0,35,17
0,0,18
0,1,18
0,2,18
0,3,18
0,4,18
0,5,18
0,6,18
0,7,18
0,8,18
0,9,18
0,10,18
0,11,18
0,12,18
0,13,18
0,14,18
0,15,18
0,16,18
0,17,18
0,18,18
0,19,18
0,20,18
0,21,18
0,22,18
0,23,18
0,24,18
0,25,18
0,26,18
0,27,18
0,28,18
0,29,18
0,30,18
0,31,18
0,32,18
0,33,18
0,34,18
0,35,18
0,0,19
0,1,19
0,2,19
0,3,19
0,4,19
0,5,19
0,6,19
0,7,19
0,8,19
0,9,19
0,10,19
0,11,19
0,12,19
0,13,19
0,14,19
0,15,19
0,16,19
0,17,19
0,18,19
0,19,19
0,20,19
0,21,19
0,22,19
0,23,19
0,24,19
0,25,19
0,26,19
0,27,19
0,28,19
0,29,19
0,30,19
0,31,19
0,32,19
0,33,19
0,34,19
0,35,19